444.96
146.32
439.90
108.07
452.19
130.87
444.57
219.52
205.28
243.54
169.77
124.89
219.19
489.70
225.07
406.93
417.37
318.84
396.47
418.57
331.46
119.71
186.27
210.97
436.13
212.89
200.50
233.16
181.36
385.88
297.86
311.23
296.47
192.82
218.43
221.28
339.53
125.64
439.35
350.19
122.92
209.66
217.67
321.83
115.12
122.39
429.50
188.08
319.45
239.61
392.61
361.29
179.73
401.40
352.94
349.27
407.90
293.77
117.67
429.09
116.34
224.57
245.02
187.70
417.63
363.64
307.80
469.00
437.28
419.83
244.65
303.15
123.46
432.17
219.31
355.53
141.78
321.71
315.17
207.47
215.12
223.25
226.89
147.04
305.41
418.62
179.22
227.98
188.86
256.27
203.99
266.91
353.01
179.54
330.91
313.94
350.86
222.61
327.52
332.86
910.09
1552.17
855.46
1734.67
1229.63
616.40
1530.51
1470.02
634.37
1494.10
774.56
1531.08
1439.78
1629.75
1620.77
1542.06
701.58
769.57
1339.98
786.01
1682.17
1700.91
498.59
1101.70
826.56
1745.69
764.04
626.27
624.15
747.68
1517.35
1004.04
991.67
783.96
1399.28
779.32
1137.00
1295.05
1531.58
855.82
801.99
1169.66
1158.17
595.88
768.79
1444.36
1650.08
1492.64
899.26
1443.86
786.45
1616.21
1048.79
1512.42
474.54
460.78
1193.39
1278.31
807.44
765.30
1397.80
580.85
1162.72
519.88
1470.97
1452.26
732.92
856.07
1676.99
451.01
814.43
918.14
864.25
1176.30
513.44
1461.30
1665.02
638.35
607.59
816.32
1555.02
1328.00
1140.96
1700.89
1140.48
1089.98
850.01
904.17
885.90
1513.23
1562.00
1277.42
1029.85
586.08
451.38
1169.39
972.38
686.69
704.87
880.31
1890.59
1603.72
1698.50
979.37
1603.38
1905.86
1197.09
1047.58
1323.16
1769.62
1567.94
1349.44
1474.56
1254.18
1707.07
1741.15
1510.15
1219.45
2120.77
1810.67
1114.35
1591.44
1863.62
1689.36
1960.35
1406.75
1215.50
690.60
865.39
1657.80
831.50
1546.34
1244.32
1602.11
761.08
1721.31
1141.53
1641.87
1695.19
1587.01
1241.17
1580.74
874.29
1585.64
1778.27
2037.75
2022.35
1817.13
1577.28
1826.31
1319.69
1295.77
1742.58
1620.44
1817.95
1068.24
1601.54
721.74
1506.96
1244.76
1554.37
1816.69
1918.02
1050.17
1560.73
1715.42
1777.11
1152.51
1695.94
1931.93
1681.44
1722.12
1496.48
921.97
996.74
1058.15
1907.31
1576.53
1523.02
962.93
1870.07
1244.09
1499.00
1840.43
638.09
1753.12
1773.06
1077.53
1629.10
1149.88
1930.52
1830.07
1861.46
1947.80
1210.59
1473.85
826.09
1967.37
1731.36
1600.75
1413.40
1023.26
1323.14
704.43
1317.11
733.61
1012.20
1549.52
1382.63
1379.32
933.31
1195.58
1185.33
1180.49
1199.09
940.62
907.90
721.67
1153.68
1064.34
1466.13
505.88
761.94
1434.00
1518.17
921.64
1278.56
1596.33
1132.35
1095.80
573.61
704.68
639.32
2079.64
1309.07
804.14
709.41
669.24
909.15
1120.81
751.02
674.53
1290.25
1431.56
945.35
1153.46
1321.88
661.47
834.94
1104.14
1733.74
938.75
623.59
1101.47
654.87
714.17
1390.43
1453.21
628.87
840.34
709.70
1144.53
1837.86
1400.95
606.51
1643.56
1462.05
843.36
846.21
1145.68
1109.61
1102.99
1463.75
1321.35
1360.15
1079.96
1417.97
649.80
717.24
1273.19
746.99
895.97
1304.28
659.90
1101.54
688.42
2070.59
534.20
726.66
1271.71
663.47
913.20
587.63
1368.65
1787.57
1132.25
1413.43
843.24
1055.59
1648.80
894.88
669.02
860.67
1127.23
698.65
540.80
698.78
883.41
611.77
1052.60
673.63
1181.82
871.40
997.02
766.31
659.45
1334.50
560.33
1576.17
510.56
756.34
541.08
846.88
913.90
626.60
758.16
1166.43
787.38
610.46
1255.19
663.78
758.26
1001.15
1147.60
695.72
1801.27
917.44
913.80
1003.79
1108.20
967.93
780.36
667.19
647.12
654.62
1099.27
605.61
477.00
1151.59
828.33
285.36
248.58
349.50
719.78
1211.27
706.77
794.33
852.06
393.96
772.40
867.45
650.81
745.84
701.67
1359.37
437.74
962.14
1185.13
1246.07
192.89
701.27
1024.03
1222.56
1080.14
766.12
781.91
1157.88
1079.66
775.21
402.33
686.59
716.52
234.46
307.33
694.30
630.52
1309.57
674.15
876.97
788.81
582.13
562.17
143.16
822.83
187.51
209.52
1142.86
963.32
718.60
888.92
1070.49
823.70
643.42
344.92
1087.37
340.08
824.70
622.52
816.44
584.00
752.81
839.20
432.88
387.74
209.06
793.52
715.91
1293.81
776.89
408.35
1004.71
669.81
1255.67
391.76
609.58
445.00
604.28
739.00
787.48
372.69
702.06
913.14
722.90
673.17
190.32
742.61
743.28
312.49
1217.94
624.85
739.37
1064.63
924.51
314.22
397.74
381.75
1201.07
1275.05
407.79
809.23
1579.93
1138.75
1219.62
1383.85
1167.04
466.28
619.30
605.55
1189.66
1485.27
780.80
1413.58
800.98
674.68
1540.61
766.60
659.39
600.73
827.68
1352.34
644.76
713.52
982.58
1458.72
1175.50
785.12
1479.32
632.01
1290.81
653.37
641.59
1142.67
617.19
658.23
739.32
1463.08
1355.82
1022.75
1081.68
1092.92
1546.57
809.17
1032.34
1568.89
741.86
1513.56
507.53
1068.16
841.92
1352.08
1462.35
579.56
1594.20
1385.68
592.27
1514.80
968.61
700.88
817.34
1480.20
672.04
1237.93
1169.15
1531.15
1529.45
641.02
1088.24
480.67
1298.34
643.92
1558.13
464.78
1377.83
441.06
851.30
511.58
1368.01
687.94
1452.05
1043.16
858.91
618.21
837.64
1561.83
789.55
640.99
1485.00
1402.74
908.48
1482.77
575.73
706.23
610.83
1024.50
816.72
1160.99
621.26
1281.90
1479.18
675.04
1972.47
2292.14
1841.84
1955.93
1774.16
1958.07
1849.83
1911.81
1987.77
2029.37
2055.66
1829.35
1695.00
2038.81
1813.64
1866.69
1985.17
1853.99
1883.71
1810.47
1986.32
1845.43
2186.57
2046.90
2049.57
1816.89
2288.63
2128.51
1759.21
2138.16
1674.78
1812.92
1834.97
1899.08
2044.70
1686.00
1830.78
1897.26
1919.40
1748.21
1825.52
2220.31
1860.17
1797.49
1821.08
1865.63
1978.36
1685.26
2153.36
2149.67
1800.89
2060.69
1832.21
2032.67
2271.21
1949.66
1958.07
2243.28
1814.05
1926.41
1817.68
2014.95
1981.09
1966.19
2054.20
1857.45
1866.94
1722.24
2365.62
1837.86
2096.50
2304.57
1923.24
2028.66
1724.58
2102.32
1813.00
2361.44
2037.87
1801.23
2048.78
1804.18
1665.79
1926.05
2153.59
1978.28
1798.68
1845.12
1890.39
2055.58
1687.04
2007.30
2216.96
1867.37
1811.83
1693.33
1825.85
2153.74
1734.11
1997.38
1338.21
1250.59
961.97
1835.10
1507.88
759.65
1263.69
1333.27
559.71
1051.46
2110.36
1499.14
1871.58
1763.30
1559.09
1900.74
1742.94
1880.18
1790.58
1642.77
1361.10
2183.48
1691.57
1861.90
1470.95
1413.19
1579.36
848.13
1921.28
1396.70
1653.32
1441.86
1705.12
1089.71
1425.72
2105.37
789.48
1971.63
1755.52
408.59
1856.88
2033.94
1148.69
733.38
1300.41
1766.08
1916.08
823.59
1574.85
1449.18
1431.03
1465.39
1013.26
2064.46
1608.67
1039.83
1612.42
1939.61
1405.19
1847.04
1443.24
1169.70
754.85
179.69
1349.42
1278.36
1095.46
1969.93
1308.21
819.27
907.15
1360.52
1396.24
632.77
1542.44
1651.09
1374.22
1743.08
651.34
1662.87
1271.58
914.27
1486.29
1867.02
568.86
696.98
1380.61
1663.58
907.54
1808.04
2075.12
712.44
1032.84
1340.31
1437.79
1785.76
1673.09
1258.76
1017.16
1232.23
1555.88
1820.59
1547.34
1796.03
1881.85
1880.63
1854.51
1771.15
1294.26
1636.98
1076.50
1275.55
1535.78
1451.39
1444.36
1239.47
1154.78
1457.17
1355.96
1610.99
953.26
1530.52
1686.08
1261.61
1146.11
2170.57
1496.24
1625.09
1589.11
1885.17
568.07
1503.25
1454.83
1106.29
663.73
1471.60
998.91
1180.13
1744.32
1195.73
919.76
1312.04
710.95
1879.74
1131.66
1959.55
2015.95
1075.27
910.08
1807.90
1691.94
1603.62
1716.36
2181.40
1302.72
711.57
1621.09
709.84
994.05
1965.19
1763.38
862.35
676.53
1306.05
1565.75
1324.09
867.43
1657.57
1416.11
2018.61
1825.94
1832.84
1001.42
1825.80
1342.49
1445.44
1695.24
1908.67
1779.81
1726.31
1073.96
1786.76
1819.72
1578.67
1555.48
1487.94
529.62
1090.90
777.42
1132.90
1952.12
1711.56
1267.32
1534.69
1254.49
1532.19
1588.81
1703.38
1303.03
1668.45
1439.41
1441.29
1980.54
1565.82
994.39
1550.76
1391.35
1582.89
1619.02
1954.31
1456.44
1754.58
1715.95
1518.53
1586.19
2208.97
1979.10
2175.35
1551.84
690.78
1090.37
2432.07
2022.79
1847.73
1411.35
1736.88
1114.14
497.09
1310.38
1378.89
1231.74
1130.38
1090.18
1949.68
2046.51
1676.79
1724.19
1899.75
2084.03
1728.16
1529.21
1614.50
1869.79
1530.02
1988.46
744.19
1292.25
1844.39
1734.23
1845.39
574.21
744.84
1859.26
1636.42
1731.54
1898.75
1641.86
2100.67
1610.28
2005.66
1424.62
1854.90
730.81
544.36
1652.60
1796.50
1319.38
1479.18
907.84
1905.23
1584.49
457.85
1623.23
1760.60
1026.67
1316.01
1682.08
1783.75
1837.03
1444.61
872.24
988.43
921.17
1495.82
1369.78
656.11
1807.36
985.73
1132.22
1783.89
1470.92
1049.68
1748.03
1265.74
1107.96
1612.45
621.47
1166.01
1225.58
1815.09
935.56
1278.62
1026.89
1928.93
1460.12
1525.58
1788.23
1703.96
884.02
2030.16
1681.58
1188.66
1577.55
1712.58
1511.34
1279.07
1705.07
1703.66
1652.24
1678.17
1471.82
1711.46
623.66
1455.65
1292.87
1706.93
1217.49
1589.65
1850.82
802.75
1463.06
1430.38
1936.25
1760.67
1322.19
606.61
1077.44
1836.36
1672.90
893.98
1755.06
1498.79
1385.62
1679.43
1468.92
1432.24
513.89
1004.65
1804.97
797.10
908.28
970.88
1798.08
1086.46
1359.53
1770.90
1625.05
1489.26
834.17
1949.12
1272.84
1724.13
1906.07
1251.18
1572.38
1637.65
2081.36
730.60
1708.21
1607.83
1575.73
1367.85
1748.22
730.41
1588.09
1583.92
1912.77
1888.06
1523.25
1698.20
1512.99
1780.13
1683.01
811.18
1006.70
1226.28
1136.32
1569.22
1795.65
2148.02
1567.77
1133.51
1636.29
1210.63
1532.74
1145.16
1942.24
1779.88
1813.83
1215.40
1608.42
1538.31
299.09
2096.55
1356.98
1582.86
1591.96
1951.56
1825.07
1028.14
659.08
1327.18
696.26
1891.54
1721.87
1946.19
456.34
1393.15
1749.39
1509.35
1556.54
1452.45
1232.32
1920.16
1214.85
1654.40
1653.14
1452.30
2102.38
1627.67
920.00
1577.20
629.26
1670.21
2091.38
1833.59
853.05
1554.51
1126.76
964.18
1806.42
414.74
1605.34
1674.35
1612.17
1976.17
1874.01
1473.63
1112.28
1075.53
1721.11
1384.73
1542.26
1393.35
761.99
1293.92
1499.75
938.56
1768.58
1346.90
2034.66
441.73
1804.70
1482.89
1848.78
1807.35
333.06
307.76
1706.47
594.63
1180.61
1679.01
1500.72
1670.22
1466.59
1700.79
1339.57
1702.64
923.58
1585.36
1557.27
1282.25
1444.10
1497.02
1647.72
419.26
1529.13
825.53
1404.26
1457.73
1050.29
1229.03
866.53
1094.95
1047.47
1532.62
1966.72
1850.16
2024.68
1356.49
1926.12
1884.26
1026.43
1264.40
747.63
1139.96
1537.05
1141.75
1738.05
2051.75
1527.45
838.32
1678.70
1093.90
1724.98
1739.51
1907.24
1462.10
1781.54
853.08
1515.40
1387.04
1002.63
1685.75
1408.51
1537.78
1712.20
959.91
1360.97
1555.78
606.35
1583.47
1389.00
944.01
1873.54
1538.46
2219.53
1215.41
623.81
548.93
1551.75
1927.81
1737.40
1712.05
1417.61
1501.30
1707.24
1717.38
1384.47
1361.78
1929.17
1354.01
1552.55
1457.34
1612.95
1909.88
1762.54
2057.55
1255.29
1123.72
1248.99
1465.50
1640.40
1070.72
1971.92
1610.10
807.97
1609.39
1975.53
1588.82
1292.74
904.60
1586.03
1246.60
879.60
1477.30
1019.98
1428.30
1262.05
1268.23
1674.16
1058.94
1437.60
1007.86
1002.52
1325.71
1607.76
702.29
1653.68
1134.38
621.33
1363.98
905.21
1497.70
674.15
1607.71
1127.99
1479.18
401.33
1721.94
1207.77
1711.70
1261.97
1538.39
1898.49
2318.08
1698.55
1401.24
588.17
1808.80
1489.20
1521.85
1362.84
1604.17
2099.28
1474.72
1583.06
1474.97
1126.20
2021.63
1750.98
1920.64
1144.55
1455.12
1717.90
1573.51
1430.27
757.72
1799.55
1496.76
1740.05
1377.81
1047.02
1753.11
1923.32
1399.95
1868.13
1431.09
1599.16
898.24
1503.01
2137.71
1519.71
1718.61
1988.38
1590.06
1537.62
1876.14
1544.56
1472.63
1519.42
1591.42
1646.37
2178.81
666.30
747.49
1886.67
1577.40
1173.88
426.03
1350.04
868.05
1028.33
1904.38
928.30
1561.33
1631.72
1760.86
1377.70
1870.28
1546.22
1286.37
1489.69
1823.37
1529.53
1657.55
1581.96
1293.11
895.69
1509.30
1599.05
1308.98
1385.38
1691.53
1607.37
1244.56
1610.06
1550.15
1649.39
1835.48
1222.35
1909.81
1515.08
1772.04
1061.21
1876.10
1618.30
1817.89
1300.07
1198.64
1954.97
1828.83
1579.12
955.62
1559.76
1845.31
1601.11
1666.93
1460.31
435.76
1751.91
989.06
1296.51
1356.69
2210.72
1296.56
1469.41
1747.75
736.23
649.24
1238.33
1507.52
1451.26
1581.05
845.90
929.07
1423.32
1387.25
1422.73
1596.28
1976.82
1506.12
1269.32
954.28
1519.83
1824.49
1599.21
1362.01
1459.15
645.00
1542.53
987.61
817.59
1286.46
1655.06
1675.34
1768.09
1301.62
1751.40
1088.17
1552.30
1825.35
1125.25
1806.67
1102.49
1871.92
618.27
582.92
1692.18
1256.72
1783.80
1217.48
1828.92
1719.99
1489.10
1645.59
1150.87
851.75
1707.18
1759.95
610.37
1164.73
823.98
1149.48
834.41
1463.64
1495.01
1623.53
2104.67
697.22
462.04
639.62
1628.04
1103.12
1575.74
1016.55
2252.50
1669.19
278.18
1543.79
1195.74
594.25
1127.45
1453.44
806.31
1709.60
1837.51
1727.24
809.38
353.65
1479.48
744.79
1391.72
1573.50
1162.37
1730.94
544.99
650.28
1675.01
1650.65
775.59
900.53
1110.97
1420.97
1456.26
1458.45
1758.54
357.94
1275.40
882.10
1571.33
1689.02
1722.04
1614.03
1472.62
2072.02
1410.62
1978.73
1230.36
1517.87
801.75
1270.08
1362.31
820.40
1642.07
1747.04
1653.93
1765.72
1344.92
1638.90
1472.96
1498.96
1323.97
1211.21
737.74
1834.65
1610.64
1521.81
1521.49
2213.32
1855.33
1839.55
429.04
1146.55
1259.54
2102.55
1550.97
1146.80
1551.73
897.91
2109.70
1719.77
2199.05
1463.42
1613.01
1033.36
1875.47
1719.81
534.80
1347.79
891.14
1439.92
1504.56
1562.65
1475.93
1708.38
1432.35
978.62
492.04
1109.34
1449.66
1612.93
772.58
1538.42
1566.91
812.51
587.15
815.45
1279.62
1084.27
1589.70
1247.48
1782.62
1692.27
646.84
1490.00
1477.91
1099.22
1431.37
1301.69
1724.97
1537.65
1886.51
2207.59
1946.72
1556.90
1361.93
1340.21
1446.27
1482.10
1725.51
1840.21
625.86
1765.21
2054.51
2081.23
1812.83
1320.53
1411.21
1065.40
1148.26
1717.69
624.07
307.72
965.80
568.40
1403.59
715.16
1000.90
691.48
732.22
1664.65
1587.98
826.18
1293.72
2016.03
914.90
1794.56
1874.10
1483.33
1654.83
414.18
1496.49
1546.34
931.03
1369.37
1381.78
1189.17
1994.25
1456.21
1678.49
715.40
2331.37
1256.11
2020.26
1409.74
1500.44
1506.51
1657.39
686.27
1409.07
320.59
1512.20
1584.74
1837.80
291.81
1753.10
726.60
1125.71
690.83
1197.17
1683.95
1364.29
1567.37
1447.42
974.39
961.68
1137.71
1916.86
1822.35
1082.58
1800.37
1810.53
1577.31
541.97
1618.67
1424.39
639.23
1706.56
1087.18
1711.99
1500.20
1259.67
1703.21
1440.02
1294.81
1655.24
1835.84
1506.88
1543.38
1156.15
1613.68
1737.92
1032.40
1771.68
1194.29
962.25
1660.25
1555.50
1938.87
722.61
1397.82
1462.36
1167.51
1785.24
1339.11
1958.68
760.89
1332.20
1416.85
1309.38
1589.39
1764.95
1683.64
1624.82
1209.89
1286.64
1741.61
2191.04
577.61
2121.32
408.99
878.14
1721.71
1088.07
1429.53
675.82
1846.41
1559.00
2036.67
1867.08
1058.98
1733.01
1487.34
1959.62
1617.22
1607.86
971.10
1002.36
1595.24
802.09
1781.67
1383.12
1253.84
2343.63
1578.06
1622.34
1562.74
1303.48
1798.35
1779.86
1977.89
612.18
1153.07
1060.85
1404.93
1741.09
1669.62
1528.24
1899.92
1692.41
1482.40
1700.45
1747.83
1560.10
2109.19
1171.97
1373.88
966.09
1669.73
1810.29
1684.49
653.83
1382.70
898.78
1154.26
1188.54
1224.72
499.43
1420.44
1424.59
1593.65
1092.55
677.74
1131.84
1573.60
739.06
624.81
1571.33
1696.44
1145.13
1728.56
1760.22
1789.34
1656.31
1600.02
1716.12
1346.87
1752.13
1553.71
1253.18
735.50
1196.88
914.46
1533.35
409.59
1509.42
2117.26
1766.89
1373.47
1387.53
978.05
1719.93
2236.84
1518.01
1241.14
1789.61
1158.29
1437.72
1519.40
1685.28
978.17
1190.59
1817.00
1881.43
2077.29
1574.99
1574.80
1827.88
1772.57
1908.81
1686.21
1699.77
1670.10
1419.09
1886.19
374.30
1682.13
1515.37
1480.32
1495.23
1534.66
823.09
649.27
1797.38
1587.62
1225.84
1123.64
1116.12
1522.07
1234.58
613.41
748.84
1509.45
1746.33
1572.84
1489.63
2043.55
1832.53
2143.23
1213.16
1421.10
821.09
1334.52
865.12
1842.32
748.16
1694.00
1084.49
1706.06
1895.32
1344.55
1569.27
1034.28
1496.99
1712.69
420.00
1281.39
1282.44
1437.29
1595.72
1627.14
859.50
1403.59
1579.82
204.06
747.47
1837.57
1525.79
909.41
1319.02
1817.82
654.49
669.87
1747.03
1666.60
1771.93
1948.73
2015.26
1257.46
1648.97
1237.27
1833.09
1662.19
1624.01
1648.46
1926.93
587.49
1760.92
509.72
1616.92
1535.45
894.01
1267.67
1542.71
1372.89
754.79
1507.96
1898.89
1460.28
1026.49
1539.91
1420.17
1526.43
1829.58
1979.22
611.12
152.87
832.99
1623.56
1782.33
1872.90
1558.64
1627.86
1865.60
1652.27
1721.55
554.35
1676.10
1842.04
1558.41
1576.52
1858.88
1514.09
1878.26
1437.52
1129.08
1320.27
1006.91
1545.22
1496.15
1682.22
1197.51
1147.41
350.84
1832.49
1497.42
1422.42
480.33
546.14
1823.23
1625.10
1706.73
1174.70
1806.42
1448.44
900.12
938.48
1338.64
1069.57
673.27
1178.69
1785.20
1812.07
1417.69
631.20
1600.23
1090.92
912.45
1749.07
1471.80
1521.15
1346.61
1484.24
1578.25
1879.95
891.20
1342.13
1837.09
1672.14
435.42
1998.64
1678.29
2055.18
1673.49
835.84
1260.84
692.35
1661.86
1717.86
840.83
1068.81
1746.79
599.13
1173.30
426.33
1834.39
1454.69
2039.49
967.83
1252.37
1254.69
1484.49
1903.17
565.89
1805.25
1375.73
1466.60
1033.50
738.29
1582.21
2000.57
1792.93
720.04
1746.40
1339.74
1828.49
1526.31
1626.19
1623.56
990.40
1199.76
764.53
933.52
1513.03
1498.49
888.35
1473.05
1366.10
1586.43
1261.38
1420.82
1295.75
1973.01
1162.04
1902.56
1612.57
1693.57
1580.35
1331.79
1339.37
1913.57
1617.57
1025.24
1642.65
1567.38
2013.59
1592.74
1660.64
1683.07
1464.79
1470.74
1678.99
1720.43
1145.31
1597.89
804.68
1767.37
1887.17
461.20
1617.72
1834.70
1836.38
1512.10
1400.60
529.18
1227.89
1936.18
1188.60
1717.80
1209.73
830.72
1544.84
1516.53
1409.09
1781.23
1340.29
383.14
708.97
1849.11
1811.06
1743.65
1731.72
1984.52
1361.28
1484.36
1741.36
1658.93
1412.74
1479.59
1493.12
1729.46
1021.43
1577.29
1502.26
1228.50
1040.75
706.59
1752.64
1253.91
1440.07
679.56
1185.07
1455.96
1644.15
665.11
1329.09
1702.11
724.49
1898.86
948.61
775.59
1876.47
1099.46
1705.67
1866.54
588.91
1750.21
1940.72
2026.62
698.58
447.44
1047.98
1580.52
1799.65
630.94
1757.76
1820.37
1247.09
1566.40
1011.40
688.06
1707.60
1083.25
185.57
1285.99
1995.84
1767.32
1641.52
2101.97
1748.15
2122.13
1748.79
1516.55
1304.09
1634.56
930.21
1452.12
1389.73
1827.94
1146.69
1577.08
1171.84
1421.67
1553.72
1364.93
1473.23
1214.15
2084.13
1043.16
1757.83
2041.66
896.73
1784.52
176.15
2002.34
1308.74
1783.04
1756.05
1068.87
1851.30
1994.61
1718.58
1688.80
416.61
1440.08
1651.14
1604.76
1335.62
1799.45
1185.38
1874.93
1601.94
1330.48
129.85
1920.69
476.22
312.58
1234.76
892.82
1863.77
1842.43
1481.58
1767.75
1539.79
1396.46
1567.42
1263.59
881.17
1770.75
1123.63
1666.13
1445.44
1438.02
1690.55
1726.59
1390.01
639.36
1478.59
1626.75
1868.57
876.82
725.61
1216.56
1418.20
1435.54
998.59
1545.62
1557.82
1840.76
799.49
1852.72
932.20
1963.12
1962.76
1421.66
1249.10
1559.56
825.99
1932.89
1378.32
956.99
1576.80
1053.13
929.85
524.69
1008.14
441.10
1891.90
1984.33
1757.72
1363.36
1234.59
651.22
1501.05
1786.98
318.49
461.85
1704.42
1726.90
587.53
1392.50
846.99
862.51
1210.96
2139.72
833.78
171.62
1261.98
1823.51
1528.33
1798.97
2032.05
1345.68
1683.51
1852.83
1273.45
912.11
998.76
1775.35
1537.40
1442.81
899.40
1718.50
1938.74
1728.53
1133.93
1947.28
1861.25
1436.05
1719.81
1451.37
1118.89
1875.22
1247.26
1231.63
1530.18
1669.96
1505.51
602.30
1555.64
708.20
1071.88
159.53
1749.77
1748.59
1655.11
1245.81
1368.73
1604.48
2057.96
1539.06
1144.12
1489.14
690.75
1903.85
1947.41
1133.86
1831.13
1238.88
1684.77
2093.21
1529.32
608.29
1255.73
1435.21
1856.03
1489.86
1190.09
1660.85
1345.30
1344.37
1756.24
1555.77
1764.35
1577.40
755.77
1836.45
1462.58
1655.65
1008.58
1598.48
1184.07
898.72
1367.14
1524.40
1614.21
1478.45
1875.25
-557.30
827.05
958.24
1874.04
1541.23
1741.37
1379.56
1636.55
1343.60
808.05
2124.60
1126.83
1968.25
1042.79
1737.82
501.55
1345.93
1251.12
960.27
747.73
1680.75
1667.10
569.73
1317.08
1912.41
1877.50
1018.42
1975.24
1471.27
1506.22
1554.06
1506.36
2147.97
726.93
555.62
1968.32
1690.15
592.65
1783.20
2099.86
1479.83
1570.87
1537.72
1380.03
1287.00
1239.49
1267.37
1718.72
1487.34
1819.78
1525.55
1559.82
1667.59
1581.10
1395.58
2058.74
1080.26
1356.53
1507.10
1690.42
2281.61
578.70
711.74
1475.25
1900.99
1727.64
993.79
2062.48
1661.36
1647.31
1752.98
981.77
901.93
1800.00
231.16
1835.48
2071.37
1820.63
1715.27
1518.76
1531.62
1518.11
1827.55
280.19
1605.13
1194.19
1186.60
1978.10
1605.37
1342.39
1468.06
1678.98
1591.80
1517.72
1578.07
1559.12
1817.80
778.93
1440.53
1036.05
1293.52
578.01
669.32
904.48
1599.80
607.01
1479.16
908.37
1545.20
2033.53
2089.36
1563.85
1903.31
1598.57
1448.34
1697.63
1845.14
1222.36
637.06
1252.28
1823.23
1614.43
1804.75
2058.70
736.89
272.33
1695.68
1112.20
1842.18
1108.49
1732.03
714.45
1673.35
1314.76
1166.44
1295.24
1628.03
1910.71
1298.86
1974.93
1553.68
1440.39
1592.61
1696.17
1777.71
1633.37
1612.46
435.11
2022.40
1199.18
792.81
1666.51
1326.34
1611.50
806.05
1314.25
1125.57
1639.31
1725.93
2095.57
1242.68
1474.18
1648.88
581.02
1826.22
1701.25
1807.60
1829.60
458.85
770.05
1698.92
1838.95
1147.16
1915.44
738.13
943.66
1397.28
740.21
2155.72
1425.27
1202.28
1854.35
1717.34
1422.68
1057.89
919.94
1458.47
1700.99
1738.13
1516.09
1797.61
1596.89
1440.81
1845.24
1651.03
1262.99
1866.53
185.23
1824.43
1531.62
1678.52
595.97
760.58
1777.38
1779.24
1614.88
1003.88
1661.17
1977.34
1664.95
1131.29
1645.73
1742.03
1021.43
1745.45
1610.27
1484.12
1351.32
1277.23
804.80
1801.61
1860.64
1658.81
1955.92
2404.91
1792.28
1404.17
1646.07
718.39
1110.02
1507.58
852.53
1595.44
1492.81
1864.82
1146.35
1730.19
1761.48
1564.50
1752.83
1565.22
1776.70
577.08
984.07
721.95
1466.05
766.74
1867.30
1642.02
2387.58
1683.46
1712.03
1136.35
652.86
942.40
1603.53
1368.51
1508.79
1012.58
808.89
1427.79
1285.32
1735.73
912.34
990.64
1505.02
1605.93
2104.96
1040.42
1338.63
533.59
718.19
1728.29
1529.76
1859.67
1619.43
1558.61
1475.66
1851.45
1775.65
1065.06
1925.72
1484.97
1588.38
981.19
1546.87
1818.53
471.08
1891.98
1839.79
1172.88
1464.67
1021.47
1782.40
1198.56
1621.85
1549.50
1644.53
698.17
1650.34
1643.82
1520.43
892.14
752.87
1839.61
688.16
1794.94
2014.05
906.47
1545.42
1821.37
744.95
652.28
1800.77
1214.27
1248.45
345.47
1931.33
1072.10
1316.44
1970.97
1639.66
1243.61
1578.47
2027.82
1253.41
942.03
1492.91
1137.59
867.54
986.48
1513.26
414.42
1683.99
448.13
1477.58
1303.31
1769.12
1638.20
1882.89
1392.11
1499.96
438.49
1128.27
1564.66
1814.48
1227.79
1584.75
1835.97
1644.82
1332.68
1516.77
1197.17
1646.19
437.90
2406.43
1354.73
1103.94
516.65
771.80
1964.48
1370.29
1475.56
1924.38
1792.49
1254.65
1569.80
1580.21
998.98
1678.85
1650.30
1535.19
1276.67
1396.74
1885.59
1539.45
1726.40
1018.01
1021.30
1688.29
1826.47
1520.93
960.59
2279.92
1442.35
1644.66
1632.96
1690.19
1409.36
1202.11
1645.94
1308.71
1835.65
1177.60
1737.30
1721.24
1408.78
1971.02
1356.65
1447.77
1609.59
1570.59
1543.89
1008.29
1173.59
1720.10
1533.03
1872.34
1572.14
1253.65
859.38
1107.10
1213.79
1812.46
1612.10
1216.92
1709.77
1510.27
1621.04
1871.21
1917.37
1626.21
1610.03
1590.19
1174.66
472.74
1727.67
1966.15
1760.80
1758.95
2418.39
1720.08
1762.63
1037.86
1107.58
1297.91
1629.21
1561.08
1576.76
1174.36
1670.95
1556.72
606.46
2080.91
1417.87
2103.24
2283.36
1180.45
916.53
1605.94
1760.70
1800.97
1628.22
1177.54
1880.97
1970.64
1813.90
490.02
1583.37
1895.11
333.86
581.43
1365.31
884.31
1154.23
1212.34
1679.17
1040.03
1206.82
767.30
1187.34
1681.88
1730.02
1243.21
1085.36
1639.38
1657.26
1460.20
1154.69
1954.26
1503.55
1521.60
1349.62
1553.96
1892.08
1707.70
1206.25
435.92
1008.03
1550.51
955.44
1446.75
1760.27
1609.24
2161.67
1916.93
1714.23
1596.70
1650.03
1390.99
1941.17
1726.83
1528.08
1966.37
1827.86
1590.25
1744.78
1666.77
1557.93
1880.78
718.84
1321.18
1993.29
2042.68
1593.21
1067.59
1687.02
1964.28
1517.55
1660.76
1716.01
1877.42
987.28
1730.14
700.72
1247.07
1541.00
616.99
1578.98
1610.23
1889.31
1776.96
1701.49
1485.29
1161.85
1338.27
1884.28
1917.94
1448.14
1880.54
1460.52
939.92
1558.02
1215.61
1562.84
1492.34
1515.41
1816.58
1956.07
1881.44
1557.44
826.04
1903.94
1065.19
1767.24
1486.81
1639.04
1207.87
1018.99
1129.72
1625.90
1463.45
1440.57
1136.13
1661.81
1612.38
2085.17
1950.85
2060.09
450.25
1435.88
1143.01
1410.51
2267.21
670.06
1618.63
1808.19
1203.91
1306.44
2039.09
1725.80
1625.38
1695.47
609.77
734.12
1258.30
1595.34
1679.77
1621.99
1679.97
1636.40
1452.99
1593.02
845.60
1635.16
1866.29
1816.39
1942.49
1871.37
1580.37
807.71
868.35
1489.46
773.04
1620.06
1666.15
1605.24
914.51
1730.23
1914.48
1156.90
1869.37
1042.67
833.20
1589.21
1352.29
1830.16
1908.98
1554.05
738.61
1611.06
1012.59
1440.59
1589.63
1022.46
1767.84
1526.62
821.82
969.75
1465.26
1204.45
2076.19
1213.24
1220.84
1817.52
1471.61
798.66
1216.79
1466.33
773.09
628.10
657.57
454.27
1348.60
1724.04
729.99
1629.60
1563.07
1700.60
1708.74
1717.88
1933.17
813.84
1499.10
2091.86
1596.73
1641.33
1349.64
1320.80
1758.46
1350.44
1294.54
1185.43
1623.79
1789.11
1444.79
948.59
1630.73
790.49
1082.10
942.47
1647.58
902.63
1341.85
900.09
846.14
1384.41
1010.97
1087.60
411.80
1674.31
952.26
971.03
1871.92
757.06
1884.37
1241.61
1630.11
1900.10
1519.36
871.66
1766.13
1791.27
1816.02
576.84
1059.05
1172.57
1799.08
633.18
1458.23
1707.37
1475.28
1838.16
1208.20
1099.02
1650.35
1590.92
1938.87
1827.78
1444.20
1662.59
1719.54
747.03
1576.26
1070.56
1697.67
944.28
304.19
1116.43
1331.72
1792.75
1924.83
1059.84
1512.74
1567.21
1027.82
1391.63
1679.31
1762.48
1530.66
1872.46
1114.74
1679.69
904.85
1743.58
1393.65
1211.05
1154.48
1842.73
1312.53
1303.13
1976.11
1618.77
1173.89
2046.23
1919.73
1538.44
1995.72
1769.82
1394.00
1545.94
1403.10
1676.73
1193.05
1704.45
1232.92
1706.76
1591.32
1855.18
1812.60
2190.60
2370.47
657.25
1579.06
2053.33
1557.19
935.05
665.65
1158.91
1964.94
1378.82
1503.41
1793.33
746.21
1660.76
1522.64
1673.94
469.57
1066.59
1706.48
1897.10
901.74
1172.90
2065.95
1883.71
1734.45
1835.03
1145.84
482.80
2015.25
1424.39
1347.30
2209.90
1457.04
1773.50
1285.59
1512.96
1829.67
1825.35
1791.41
157.82
1837.09
1394.51
1490.54
1831.05
1400.24
1725.86
1393.76
1780.86
846.42
802.77
1250.93
1507.33
1685.97
1319.70
1889.09
1379.67
1471.38
1476.55
1607.82
1443.86
1195.75
1999.21
1895.21
1356.98
831.22
1112.80
1675.56
2228.83
769.51
1807.83
1497.78
2125.42
1489.32
1936.77
669.42
1683.79
1437.32
1168.46
1482.13
1137.11
1087.82
1558.26
1156.42
1812.09
1522.31
803.25
1623.37
1468.35
1487.23
1308.43
2491.19
1497.10
1614.81
1039.94
1180.86
1729.16
1671.06
1640.04
800.86
1415.76
1871.01
1650.53
1834.75
1992.69
916.17
1611.03
1766.84
1662.98
775.95
1834.53
730.01
1498.91
1522.06
1677.70
1309.19
891.03
1238.61
1675.48
997.00
1731.83
1733.19
1558.87
1817.16
1219.30
1878.45
1584.44
1606.88
1729.19
687.05
1285.77
-0.58
1769.19
1851.87
488.01
1269.06
1297.90
1803.98
1817.41
1266.07
1839.04
1763.27
1019.09
1605.23
1894.15
1575.07
1572.82
1520.26
1120.07
1834.51
1434.84
1300.41
1485.03
1812.94
1333.82
697.61
1594.46
1862.03
807.17
1519.07
1586.06
1723.30
1358.59
1041.46
707.12
1699.82
1612.90
659.14
1074.04
1903.72
1506.25
1974.56
550.65
1580.97
559.86
1259.43
1351.74
904.28
699.99
1441.24
768.60
1882.27
1314.60
1410.54
1932.72
1301.91
1457.65
1625.83
1343.86
1503.56
1249.42
423.42
1635.66
1029.50
691.62
1063.23
593.56
2035.10
1786.91
1240.43
670.17
499.81
1028.08
1523.85
1397.91
1238.59
2354.06
1275.36
1340.38
1606.84
1756.90
1673.11
1643.13
1675.43
1444.12
1744.99
1938.64
1471.46
1512.93
1585.21
830.20
1634.13
1301.72
1022.75
1795.13
2080.14
1780.74
1399.13
1696.36
929.98
966.45
2019.35
1368.71
1646.13
477.18
1423.14
1891.53
944.49
1619.24
1568.63
1856.76
116.40
1216.44
1869.97
1909.60
698.23
1374.41
1706.49
1909.30
1689.62
1916.91
1384.38
1528.59
853.28
1574.68
740.25
-480.14
1552.70
217.72
1900.68
665.88
659.92
1590.03
1343.25
2169.34
1286.84
1999.19
1849.49
898.01
1835.27
1640.99
1775.63
816.09
629.62
1517.39
1649.80
1627.83
639.47
1659.37
2198.53
1317.71
1188.25
842.75
1742.28
1822.42
1579.29
2142.27
1617.64
1656.14
503.40
1110.32
1794.74
2076.74
938.35
1827.15
681.29
1544.55
1430.06
1992.09
1320.81
1391.21
1537.76
1489.45
844.67
1887.58
1305.79
1518.17
1742.24
1341.93
1356.96
1480.82
1961.51
796.70
1008.40
1957.06
1762.67
621.36
1585.52
1576.68
1496.86
1822.72
1811.15
1384.01
918.95
1763.84
1541.05
1538.55
813.77
1477.41
885.22
1492.32
1397.28
1593.77
1860.11
1661.95
880.86
1712.64
670.39
1223.84
1334.95
2019.37
1671.85
1714.99
1685.24
601.18
1900.79
1652.16
1884.65
1720.31
1451.34
1475.36
1565.36
1215.05
1781.88
1682.84
1797.05
1356.08
1777.30
2447.18
656.41
1355.22
664.32
1766.95
1531.22
1696.48
1381.85
707.02
1432.67
1142.35
1507.33
1254.57
1795.94
1885.43
1224.35
2056.39
770.24
1673.03
1049.46
1649.30
1203.87
1131.74
1610.40
1326.44
1325.14
727.59
1414.86
1491.23
1571.18
1857.36
1685.39
1465.59
1790.71
1809.99
1483.99
1576.54
1340.52
1293.97
1492.78
1894.30
846.62
975.72
1800.04
817.53
1827.90
1584.55
1354.36
1442.33
1766.94
410.39
1881.05
1861.15
1118.03
1709.87
1156.27
800.50
1306.44
960.25
1906.01
2004.66
1499.30
1447.60
1665.81
268.60
1622.80
1210.67
1266.11
1670.34
314.72
697.22
1688.63
909.99
256.12
1786.91
714.95
1648.07
666.21
936.20
1621.38
1620.11
963.74
1648.00
1642.63
1127.86
2174.48
1728.98
1602.51
1630.62
1441.63
1433.40
833.40
1751.37
1790.43
392.99
633.18
911.48
1820.27
1832.18
1341.35
1943.26
699.02
1313.04
2148.93
1338.46
1897.56
866.42
1457.32
1587.16
978.02
1855.92
1285.26
1236.47
1734.77
1338.82
1139.14
1758.09
1978.17
1564.11
1600.84
1223.39
1118.02
1253.11
1689.80
1229.66
1912.01
1602.88
1507.04
1141.32
864.40
1672.25
1579.91
404.82
1452.51
1790.20
2269.29
782.33
1838.58
1563.14
738.33
275.95
1744.29
1408.29
1246.88
170.21
686.36
1570.05
1694.04
1455.50
1728.84
1689.25
1449.00
960.12
1720.69
1056.44
1369.94
1740.74
1115.86
889.55
699.14
834.17
2024.74
1936.68
1695.81
1882.14
1229.26
1637.78
1527.14
1276.86
1407.67
1811.12
1199.40
1771.28
1652.12
2043.94
1564.27
1404.09
1501.60
2035.18
833.83
952.71
1442.15
1643.23
1005.90
1051.63
1316.04
1400.99
1823.62
1507.90
1337.42
1851.16
1373.17
1571.14
296.52
384.93
1847.26
1746.01
1069.84
1810.99
794.30
844.44
891.86
1701.50
1153.05
1974.64
889.42
1425.57
1480.48
729.40
1796.91
1137.89
619.24
1338.96
1703.40
1645.79
1259.40
1865.25
1500.13
583.63
1791.50
1941.98
1421.87
2310.39
1284.73
2223.62
1228.47
1665.82
960.14
1491.96
762.79
1309.90
1607.33
1532.00
1252.28
1624.38
751.28
742.85
1520.62
1177.47
1893.10
1887.55
1617.82
643.83
1210.28
1046.01
923.99
1696.16
870.14
1549.33
1529.20
1369.86
1570.52
1659.04
918.75
1105.66
1878.78
1298.05
2086.89
1104.17
752.60
1731.07
804.56
1208.53
1589.70
1673.31
1322.30
162.70
1804.78
1241.13
1785.25
1374.02
1475.37
1660.23
1983.02
1889.37
1653.84
1616.61
1851.70
771.80
1852.43
1365.28
1569.34
1776.43
1887.47
1442.28
1338.08
1886.79
1756.64
1111.04
1630.11
1385.16
809.54
949.93
1407.30
1949.88
1148.13
797.50
1721.06
871.11
1623.93
854.96
1267.84
1502.44
1519.01
1589.21
1049.20
1711.44
1452.91
1235.90
1169.54
1615.23
1508.81
1513.06
1212.20
1216.61
867.13
1828.33
1205.00
1598.94
979.38
2259.63
1771.51
972.46
1788.69
1207.12
1725.53
1553.07
1319.77
1284.45
1465.41
1338.31
661.10
1623.24
1465.01
963.56
1927.70
1230.83
1761.85
1207.81
1445.76
1194.73
1883.55
1553.47
1815.69
1706.49
1624.17
1744.32
847.70
1634.99
885.49
1428.35
373.36
1294.55
1173.70
1733.11
1673.81
1496.05
1235.85
952.18
1712.71
2016.11
1808.32
646.81
1192.89
1089.90
1533.02
1545.28
669.70
1663.34
1417.04
133.63
1498.24
1804.90
1446.88
1663.43
1091.78
1919.30
1826.71
724.61
571.55
2246.55
1380.94
1771.38
1813.16
1534.27
1874.03
1217.33
1816.50
1773.35
444.32
1332.14
261.58
1820.01
1124.87
886.76
1950.83
2232.27
-244.97
1450.46
1563.52
1978.56
1767.50
329.31
1623.63
1344.57
1846.31
1373.00
1866.89
1981.23
2210.92
1441.91
1615.21
1251.94
1491.78
664.04
1697.14
1551.29
1030.29
1113.02
1628.04
1537.99
1828.99
282.71
1688.03
1614.73
885.72
1080.91
793.64
1583.82
1232.20
1044.10
1277.32
1117.22
1609.75
1577.57
1162.55
1220.51
1582.53
1366.61
1562.62
1435.36
1760.51
1795.56
1006.79
1214.39
971.97
1666.83
1004.93
657.32
1256.54
874.46
1779.66
1383.09
1095.64
1875.25
1103.76
2195.11
1317.25
1464.35
1335.14
601.68
1663.22
1506.75
1312.26
2014.95
845.09
1269.67
1476.19
1692.90
602.83
1032.45
1417.22
908.97
2044.73
1847.62
1185.02
1461.26
1360.92
1596.02
1683.24
1324.32
1273.33
797.01
2099.17
1119.96
2240.03
1198.43
907.66
1927.98
1591.85
1497.12
1243.08
547.09
1509.61
1331.80
1235.12
802.60
1411.90
1350.68
1067.91
1461.24
686.07
1381.73
1041.40
1352.29
1427.63
1731.34
1964.13
1580.04
1276.12
1858.99
992.91
1774.94
1258.78
1625.09
1134.68
1240.13
1704.50
1501.46
1848.53
858.96
1099.28
2120.54
1664.66
946.78
1342.61
2060.05
1785.05
2154.97
1695.17
1653.64
1532.78
1884.61
1411.96
1280.42
1386.86
1479.37
1376.15
963.44
612.81
1854.47
1283.61
2036.44
1798.83
1846.14
1618.62
939.62
1528.80
1822.62
359.55
1432.97
1404.35
1528.54
1615.48
1130.44
1315.81
248.94
571.53
1351.75
2006.10
1981.25
1802.32
1827.80
1485.93
1694.43
1646.65
2028.28
949.33
1784.49
606.50
969.45
1243.03
1493.79
1030.51
1618.34
1186.50
1531.16
1538.72
1746.27
1376.61
1453.19
1648.75
1302.30
1559.61
1889.30
1649.19
1076.96
1194.24
1858.87
1354.83
1355.31
813.17
841.44
1505.31
1842.41
1048.67
933.61
1280.11
1721.69
1483.39
1421.19
981.20
1877.65
1470.40
1576.74
1565.97
1453.43
1322.49
790.79
1514.22
531.98
945.31
1784.88
1969.92
1399.73
1955.14
1027.07
1124.44
1014.82
866.92
1194.08
1263.05
1714.18
1691.63
903.53
1496.48
1763.88
1362.16
1303.33
1684.08
1583.92
2068.79
1288.49
1182.34
1362.17
1847.46
1300.23
828.06
1602.35
1270.27
526.88
1706.78
1732.75
880.39
1212.83
1139.64
935.09
1617.13
1589.14
408.47
1201.03
1548.71
1567.33
1725.68
1850.49
1357.77
1492.46
1754.19
1688.44
1597.34
2137.53
1798.56
1553.99
1713.32
1219.09
1713.46
1347.51
1283.89
1747.81
1324.40
1233.13
1721.23
701.96
1846.18
1225.40
801.27
1067.51
1996.03
1507.86
1482.94
1479.45
1423.49
1625.47
812.33
1415.25
904.28
1441.49
1786.97
1045.46
1475.39
1507.24
939.18
1288.31
935.61
1538.29
1869.84
835.04
1375.20
692.40
1646.25
769.29
1062.11
519.23
1416.73
1574.43
2041.60
2063.32
1408.81
1877.66
775.89
972.27
2005.07
1486.23
1338.12
1357.97
1531.49
1240.96
1833.87
796.24
1078.17
2259.49
2247.28
1807.93
1616.49
1619.86
712.03
1558.48
1116.59
1602.74
1527.57
997.35
518.16
1864.23
1392.62
737.39
1447.44
1587.78
1263.29
1561.30
1949.87
1103.16
826.71
1581.94
1741.76
489.07
620.88
510.54
1764.43
1668.22
1357.40
1778.99
1213.97
1811.46
1649.23
1458.17
1692.40
1955.32
632.56
1315.71
1537.14
1136.23
682.68
1543.76
1570.65
1218.51
1560.06
831.75
1865.69
1748.81
1743.72
2065.14
1705.87
1805.96
1492.29
2194.04
1791.46
1243.94
904.46
819.39
1744.50
1234.29
1529.33
1744.67
1486.80
1437.45
1398.32
1214.71
1291.28
848.17
1292.41
1883.54
799.44
1653.92
1047.54
1685.61
1565.29
1154.80
710.24
1518.35
1472.53
1624.82
1514.56
1368.51
1967.45
1526.23
1556.52
1384.70
1878.85
1031.36
1862.36
1737.10
1497.73
637.53
667.26
2038.84
1389.43
889.50
1422.52
747.64
1784.72
1825.15
1518.20
1842.45
1735.05
1442.24
1868.75
1882.77
1332.93
1444.56
1462.86
1656.46
1219.62
1153.53
1543.48
1353.47
1316.10
1660.24
1685.93
1303.71
1674.74
1902.72
634.30
728.56
1653.78
1506.90
1495.68
1690.75
1749.43
1125.01
1411.67
1577.13
1446.30
754.00
1782.01
1519.07
1871.68
1543.66
870.86
1206.62
1392.48
1726.38
1662.02
2070.32
985.21
618.75
1387.65
1415.79
876.37
735.25
1649.06
1176.45
1815.47
1231.75
1850.02
1847.20
1751.34
1030.55
1542.28
1575.20
762.79
723.94
610.90
1132.59
1819.63
1691.28
754.76
1237.10
1533.41
1636.67
1511.52
1847.17
1990.89
1903.88
1484.19
1934.42
1007.60
1121.15
298.62
1586.42
1513.10
1313.06
1542.56
1532.72
2137.14
1989.37
1719.39
1529.78
1524.78
1401.67
1638.05
2018.80
1913.36
1375.33
838.16
1938.89
1464.83
1549.06
1441.34
1477.80
1846.89
1109.30
1003.56
1393.64
299.42
1574.77
1611.94
1701.50
1577.81
1225.36
1219.51
1126.83
1041.98
513.76
1533.77
888.40
1566.97
1011.66
2000.70
963.87
2105.30
1854.75
1732.95
1496.65
2109.90
1296.40
1784.45
434.87
1262.82
2229.37
1036.39
1494.12
1508.91
1598.27
422.94
1465.24
1407.84
1366.65
1928.23
1946.96
371.34
1554.27
614.20
1586.03
1330.18
1574.01
1396.05
1737.95
1833.91
541.91
90.11
1444.75
1235.35
1132.48
1055.33
519.20
1747.77
676.03
1773.79
1620.32
943.27
684.48
1147.01
1837.07
2060.31
674.71
1645.22
1680.58
1310.37
619.38
599.68
1494.67
1175.89
984.28
1445.28
939.38
1635.70
649.60
1391.40
1776.30
1537.82
1787.31
1717.19
1436.80
793.96
1760.08
793.60
1576.26
1067.95
1533.99
1387.85
1290.67
1400.17
1571.33
1646.33
1458.62
1955.42
1933.71
1873.12
876.07
1865.46
1359.62
1438.06
1877.03
1732.15
1807.06
631.14
1261.11
1233.79
2073.30
1377.07
946.02
1693.77
769.36
1657.98
1683.25
1694.49
1065.24
1026.25
919.63
1466.90
2205.03
1121.01
1745.69
1618.36
1238.25
928.26
1707.95
879.39
1513.25
646.51
1127.34
1140.71
1250.51
1822.17
1819.00
1082.53
1722.15
875.16
668.81
1530.55
1149.95
671.35
1572.65
1909.47
1233.16
1656.73
1232.21
1313.91
1510.89
1507.37
1222.75
1519.96
1627.02
424.16
676.15
1609.26
1196.77
1167.05
1203.44
1283.46
1246.19
785.92
1851.98
762.34
892.33
1461.50
1614.94
1597.74
1455.81
1617.86
1608.70
585.78
1290.10
1939.50
1381.68
1732.81
1783.87
967.53
1772.78
1495.42
1769.96
1458.53
1296.60
1730.52
1438.24
1800.26
1812.91
1807.46
1806.24
1822.54
1223.96
1592.67
1677.41
1074.92
1407.52
1151.53
1576.40
1894.43
1781.80
1888.05
1376.11
831.90
1356.73
1793.62
746.57
1797.22
574.66
1411.58
254.12
1393.86
2027.37
1596.70
1639.78
962.33
1230.95
1685.47
1403.83
1326.43
1474.54
1350.67
1927.47
1584.79
823.48
1170.86
1754.31
1305.58
1295.50
1392.65
655.32
1261.76
504.77
233.73
1752.67
900.39
1657.52
1890.61
1555.13
1580.29
1949.96
999.41
1338.96
1433.56
1371.09
1404.91
698.78
1823.24
1526.99
1425.34
546.92
1368.09
1602.12
1635.43
904.42
1897.74
814.48
805.22
1394.92
1261.45
1752.87
1400.23
1165.65
1916.20
2099.41
1940.97
1344.03
1117.56
649.86
1728.60
1656.85
1786.73
395.20
1751.87
1812.96
1734.25
1616.54
1730.50
846.59
781.01
1687.36
1646.80
1651.77
1530.24
1157.94
1464.36
1068.36
716.94
2022.67
956.17
1399.10
1443.49
1207.14
1184.73
1555.04
1890.37
1408.63
530.23
1463.60
1044.36
1572.10
1530.40
1476.38
1873.33
1503.59
1557.86
1915.63
1637.38
616.35
1618.69
2165.30
1276.14
1575.63
1472.79
1222.63
1241.96
1549.34
1017.86
1572.85
748.64
1389.79
800.12
1256.54
1604.81
736.78
1352.55
1917.46
686.90
2277.04
859.06
1096.23
1082.37
1722.41
2081.99
1350.34
1528.12
1286.97
1051.21
818.12
2063.33
1039.70
1880.76
1663.88
1814.12
1170.63
1413.61
1728.63
1853.67
1236.52
187.03
1772.62
851.39
1911.56
1982.88
1906.19
1737.60
1878.79
1069.81
1683.92
275.63
1399.42
1208.96
1361.45
880.59
2073.10
1341.30
1389.63
841.84
1843.44
990.06
162.19
638.12
970.83
1856.76
1993.70
1759.72
1778.10
1848.42
1177.26
1494.05
1018.76
1348.10
1486.35
1062.18
932.52
1906.95
1130.60
715.47
1383.10
1590.46
1285.94
1700.52
1916.31
1368.01
1944.60
1590.66
1535.13
1684.15
380.34
1357.91
731.55
1064.70
652.20
1623.44
1564.64
1724.21
1456.60
1267.08
1321.72
1283.87
567.52
1788.38
1291.09
1475.54
1720.27
1569.94
1494.76
2095.24
851.70
1491.20
636.92
846.13
1445.69
1016.06
1206.97
1910.93
1896.35
1662.65
1703.42
820.80
2113.19
243.60
1459.26
1639.66
1297.51
1517.27
1245.83
1380.96
1106.43
957.84
1964.74
1523.47
712.49
1877.80
1455.21
800.10
552.85
1747.84
1410.06
462.08
1160.31
1387.50
291.47
1409.29
1230.71
1380.25
1688.97
1465.89
1313.14
1713.43
2124.44
768.01
1642.87
734.62
1658.65
1443.26
1285.72
1909.34
1790.55
1924.48
1432.21
1425.83
1867.43
1026.70
1699.14
1360.51
1357.31
1212.15
1700.32
661.24
1039.60
891.08
878.74
1794.29
857.46
1178.72
1865.38
1516.50
1166.49
315.38
1302.94
1208.99
995.61
1138.56
850.61
1571.01
1723.06
1881.60
1462.59
1726.47
959.18
1522.86
900.96
1584.66
1561.05
2161.12
1157.94
1561.48
1400.73
1297.91
1900.37
1718.76
1417.86
1116.58
1700.03
976.70
1545.56
838.14
1862.18
1402.99
1180.43
1742.97
1642.78
1955.82
1517.54
112.66
1440.18
1613.71
1303.03
1040.55
1748.10
1549.48
495.50
927.38
1810.97
1628.82
1645.88
2035.27
1903.76
1223.25
1329.42
1423.75
1645.34
1440.56
339.49
1516.13
1797.53
1194.69
1232.27
1705.53
683.59
619.28
691.00
1789.63
1288.78
